artificial.ppm
492933
495077
501204
502798
494107
big_building.ppm
2974909
2980006
2972176
3051204
2975728
big_tree.ppm
2499098
2513957
2442240
2503318
2498732
bridge.ppm
1031580
1036589
1050436
1038248
1036967
cathedral.ppm
617966
620011
716427
620187
618102
deer.ppm
1007149
1037085
1036603
1038469
1015923
fireworks.ppm
559907
557279
558420
556538
566163
flower_foveon.ppm
325817
322221
321827
326613
322240
hdr.ppm
542607
535861
543113
535631
534617
leaves_iso_1600.ppm
683641
683725
691232
684630
697075
leaves_iso_200.ppm
679300
797795
670750
774010
669545
nightshot_iso_100.ppm
570385
570583
568055
569600
580273
nightshot_iso_1600.ppm
682199
674246
672711
670325
680966
spider_web.ppm
660059
781219
678392
663123
765867
