artificial.ppm
473074
468257
468055
468685
471077
big_building.ppm
2918097
2959159
2932699
2935020
3012924
big_tree.ppm
2397016
2395205
2395120
3089781
3102665
bridge.ppm
1017597
1042769
1021524
1019471
1020223
cathedral.ppm
570822
559409
558995
572552
559729
deer.ppm
1001559
1008406
1031826
1031558
1027427
fireworks.ppm
524588
528930
527755
623661
529096
flower_foveon.ppm
305108
305486
305682
306188
305515
hdr.ppm
499059
503340
507449
500806
509287
leaves_iso_1600.ppm
618018
621506
624383
623999
621626
leaves_iso_200.ppm
600546
604686
602479
600359
602888
nightshot_iso_100.ppm
534422
547834
653208
536371
538117
nightshot_iso_1600.ppm
641440
646138
658706
841095
660457
spider_web.ppm
646588
648015
663714
651666
667219
