artificial.ppm
461024
461542
462706
463972
464390
big_building.ppm
2930267
3708806
3611248
3608700
3001610
big_tree.ppm
2374841
3056434
2404725
2397437
2942991
bridge.ppm
1017868
1022695
1024115
1044361
1049097
cathedral.ppm
544904
561751
547410
547350
548006
deer.ppm
1053010
1021470
1015749
1017962
1038333
fireworks.ppm
507650
508628
508726
508182
508898
flower_foveon.ppm
310232
310825
310353
310854
310833
hdr.ppm
497487
488895
489056
488937
487570
leaves_iso_1600.ppm
596456
601157
599116
599807
599077
leaves_iso_200.ppm
583760
585153
588072
587865
586783
nightshot_iso_100.ppm
534127
537981
547219
539726
536478
nightshot_iso_1600.ppm
641765
645676
645081
663043
658811
spider_web.ppm
651490
668373
652818
654028
651406
