artificial.ppm
416861
416581
416903
417285
417435
big_building.ppm
1956663
1951294
1949249
1951020
1962006
big_tree.ppm
1720801
1741943
1764658
1726701
1720548
bridge.ppm
764889
784128
768509
895820
768001
cathedral.ppm
491182
492303
492072
491804
492488
deer.ppm
837057
824006
821967
822247
830385
fireworks.ppm
370666
370506
370366
370161
370074
flower_foveon.ppm
271600
271655
269893
269501
270812
hdr.ppm
397860
398485
393530
394521
398028
leaves_iso_1600.ppm
541521
543257
554151
544306
543138
leaves_iso_200.ppm
529333
529539
529035
527219
529643
nightshot_iso_100.ppm
418019
425257
419085
418911
424424
nightshot_iso_1600.ppm
541508
538558
533798
544755
534534
spider_web.ppm
419881
482545
421405
421574
417677
