artificial.ppm
1023307
1026655
1032832
1024721
1028417
big_building.ppm
7219431
7336537
7201721
7239615
7238806
big_tree.ppm
5077029
5115794
5168867
5173087
5051451
bridge.ppm
2199221
2178301
2221333
2196176
2193321
cathedral.ppm
1158242
1157981
1165003
1154438
1153846
deer.ppm
2417330
2460329
2406680
2409423
2410007
fireworks.ppm
1411391
1427052
1426520
1418589
1419406
flower_foveon.ppm
734226
732372
733319
734682
754105
hdr.ppm
1242139
1238114
1231965
1237737
1238407
leaves_iso_1600.ppm
1310995
1320076
1322719
1306588
1324525
leaves_iso_200.ppm
1378619
1340484
1351686
1352692
1357589
nightshot_iso_100.ppm
1599482
1614443
1607987
1613222
1608942
nightshot_iso_1600.ppm
1511431
1534683
1524781
1531777
1537316
spider_web.ppm
1891500
1897733
1896272
1921785
1928546
