artificial.ppm
860843
825283
814938
813951
852305
big_building.ppm
5296341
5323563
5308478
5267096
5259694
big_tree.ppm
4281813
4314478
4340234
4284482
4285194
bridge.ppm
1756430
1816632
1765867
1794258
1767308
cathedral.ppm
1112812
1128111
1129327
1129924
1121222
deer.ppm
1974281
2013773
1985753
1972966
1971308
fireworks.ppm
699977
699664
766716
711536
695740
flower_foveon.ppm
479298
493879
478818
554576
479021
hdr.ppm
759642
758541
758960
760364
760302
leaves_iso_1600.ppm
1168507
1146393
1148661
1163746
1170544
leaves_iso_200.ppm
1150456
1156972
1138340
1132556
1136633
nightshot_iso_100.ppm
831714
845415
848415
839330
826848
nightshot_iso_1600.ppm
1179757
1184261
1178494
1182494
1190688
spider_web.ppm
796824
791900
788658
799846
791533
